-0.343,-0.018631,0.26846,0.25732,-0.70711,0.077973,0.11662,-0.17437,-0.15617,-0.4114
-0.38348,-0.36562,-0.088515,0.13554,1.4688e-15,-0.6339,0.10078,0.013227,-0.34922,0.39868
-0.343,-0.43002,0.13361,-0.061718,-1.7308e-15,0.46181,-0.51806,-0.238,0.15617,0.33628
-0.29704,-0.19843,-0.0010145,-0.78903,-3.1814e-15,-0.12047,-0.036892,0.28429,-1.1678e-15,-0.39132
-0.42008,0.3673,-0.068661,-0.26503,-1.9693e-15,0.20501,0.58096,-0.25674,0.19127,0.36279
-0.29704,0.13817,-0.55663,0.20084,1.6113e-15,-0.28636,-0.26722,-0.17115,0.541,-0.25907
-0.29704,0.35297,0.43123,0.18703,1.0593e-15,-0.09416,-0.18702,0.64471,0.2705,0.18325
-0.24254,0.24425,-0.53455,0.095533,1.1475e-16,0.38714,-0.16132,0.32537,-0.55216,0.0014228
-0.24254,0.37611,0.33802,-0.0026403,0.5,-0.13911,-0.25143,-0.4273,-0.33129,-0.24606
-0.24254,-0.40246,0.041642,0.36654,0.5,0.24938,0.41636,0.1807,0.11043,-0.33574
