-0.31623,-0.029065,-0.14121,-0.23468,-0.5,-0.026079,0.4349,-0.49507,-0.174,-0.33008
-0.31623,-0.25212,0.023228,-0.1073,-5.3467e-16,0.2196,0.134,-0.13153,0.79557,0.32859
-0.31623,-0.34168,-0.086753,-0.15214,6.0223e-16,-0.12701,0.42553,0.7065,-0.21398,0.10218
-0.31623,-0.19615,-0.021371,-0.56939,0.5,-0.20194,-0.38555,-0.14292,-0.054598,-0.27209
-0.31623,0.19152,0.027595,-0.088247,-1.5347e-18,-0.0076587,-0.10692,-0.24149,-0.41976,0.78023
-0.31623,0.11068,0.42809,0.0097824,-1.7674e-15,0.76705,-0.10682,0.14782,-0.17764,-0.22629
-0.31623,0.31361,-0.3427,-0.030288,-0.5,-0.10004,-0.52827,0.32661,0.17991,-0.071943
-0.31623,0.28759,0.66891,0.20152,1.2046e-15,-0.53456,0.098316,0.028101,0.15071,-0.10162
-0.31623,0.4807,-0.46254,0.30443,0.5,0.075815,0.29218,-0.025536,0.060508,-0.12994
-0.31623,-0.56508,-0.093249,0.66631,9.8975e-17,-0.065178,-0.25738,-0.17249,-0.14672,-0.079028
